4
3 6377 NULL NULL 1668369982
0 9039 NULL NULL 1668369983
2 1118 NULL NULL 1668369983
1 1779 NULL NULL 1668369983
0 8023 1779 9039 1668369984
3 6065 1118 6377 1668369984
2 1929 9039 1118 1668369984
1 4374 6377 1779 1668369984
2 1067 6065 1929 1668369985
3 8030 8023 6065 1668369986
1 9065 1929 4374 1668369986
0 5550 8030 8023 1668369987
3 6623 4374 8030 1668369987
0 2542 6623 5550 1668369988
3 8853 9065 6623 1668369989
1 1255 8853 9065 1668369989
3 5005 5550 8853 1668369990
0 5207 5005 2542 1668369991
3 6116 2542 5005 1668369992
1 1434 6116 1255 1668369993
3 5150 1255 6116 1668369994
2 7590 1434 1067 1668369994
1 3894 5150 1434 1668369995
3 7444 5207 5150 1668369995
2 3213 7444 7590 1668369996
1 7633 7590 3894 1668369996
3 7311 3894 7444 1668369997
1 4394 3213 7633 1668369998
0 3734 7633 5207 1668369998
3 4195 4394 7311 1668369998
2 1609 3734 3213 1668369999
0 3333 4195 3734 1668369999
1 2865 7311 4394 1668369999
3 3156 3333 4195 1668370000
Done