4
0 4511 NULL NULL 1668369730
1 7847 NULL NULL 1668369731
2 9532 NULL NULL 1668369731
3 5961 NULL NULL 1668369731
2 1726 5961 9532 1668369732
3 2804 7847 5961 1668369732
1 6268 4511 7847 1668369733
3 5998 1726 2804 1668369734
1 5258 9532 6268 1668369734
3 2097 6268 5998 1668369736
0 8579 5258 4511 1668369736
1 9818 2804 5258 1668369736
2 8179 2097 1726 1668369737
0 5409 8179 8579 1668369737
1 1329 5998 9818 1668369738
3 6689 5409 2097 1668369738
2 4104 9818 8179 1668369738
1 3713 8579 1329 1668369739
3 2253 4104 6689 1668369740
2 4000 1329 4104 1668369740
1 4008 2253 3713 1668369741
2 4274 6689 4000 1668369741
3 7436 3713 2253 1668369741
0 5643 4274 5409 1668369742
1 6487 5643 4008 1668369742
3 5963 4000 7436 1668369743
2 6343 4008 4274 1668369743
1 3350 6343 6487 1668369743
0 1411 6487 5643 1668369743
2 4957 7436 6343 1668369744
0 3995 5963 1411 1668369744
1 3997 1411 3350 1668369745
3 7776 4957 5963 1668369746
0 1337 3350 3995 1668369746
1 2852 3995 3997 1668369746
Done