16502413566450598331455373312.000000 5.000000 
11.929804 4.964043 
5.853223 4.856690 
5.657359 4.679484 
5.380128 4.434975 
5.025517 4.126678 
4.598624 3.759029 
4.105588 3.337314 
3.553506 2.867600 
2.950313 2.356642 
2.304687 1.811789 
1.625913 1.240878 
0.923755 0.652119 
0.208311 0.053981 
-0.510127 -0.544933 
-1.221259 -1.136010 
-1.914685 -1.710748 
-2.581124 -2.260881 
-3.208252 -2.778495 
-3.797987 -3.256148 
-4.298085 -3.686968 
-4.876416 -4.064760 
-4.824399 -4.384089 
-6.943853 -4.640364 
0.000000 -4.829896 
