-1.000000 0.000000 0.000000 -0.000000 
-0.990000 0.000000 0.019313 0.019900 
-0.980000 0.000000 0.038427 0.039600 
-0.970000 0.000000 0.057342 0.059100 
-0.960000 0.000000 0.076058 0.078400 
-0.950000 0.000000 0.094575 0.097500 
-0.940000 0.000000 0.112895 0.116400 
-0.930000 0.000000 0.131016 0.135100 
-0.920000 0.000000 0.148939 0.153600 
-0.910000 0.000000 0.166665 0.171900 
-0.900000 0.000000 0.184193 0.190000 
-0.890000 0.000000 0.201524 0.207900 
-0.880000 0.000000 0.218659 0.225600 
-0.870000 0.000000 0.235597 0.243100 
-0.860000 0.000000 0.252338 0.260400 
-0.850000 0.000000 0.268884 0.277500 
-0.840000 0.000000 0.285234 0.294400 
-0.830000 0.000000 0.301388 0.311100 
-0.820000 0.000000 0.317347 0.327600 
-0.810000 0.000000 0.333111 0.343900 
-0.800000 0.000000 0.348680 0.360000 
-0.790000 0.000000 0.364054 0.375900 
-0.780000 0.000000 0.379234 0.391600 
-0.770000 0.000000 0.394220 0.407100 
-0.760000 0.000000 0.409013 0.422400 
-0.750000 0.000000 0.423611 0.437500 
-0.740000 0.000000 0.438016 0.452400 
-0.730000 0.000000 0.452228 0.467100 
-0.720000 0.000000 0.466248 0.481600 
-0.710000 0.000000 0.480074 0.495900 
-0.700000 0.000000 0.493709 0.510000 
-0.690000 0.000000 0.507151 0.523900 
-0.680000 0.000000 0.520401 0.537600 
-0.670000 0.000000 0.533459 0.551100 
-0.660000 0.000000 0.546326 0.564400 
-0.650000 0.000000 0.559002 0.577500 
-0.640000 0.000000 0.571487 0.590400 
-0.630000 0.000000 0.583782 0.603100 
-0.620000 0.000000 0.595885 0.615600 
-0.610000 0.000000 0.607799 0.627900 
-0.600000 0.000000 0.619522 0.640000 
-0.590000 0.000000 0.631056 0.651900 
-0.580000 0.000000 0.642400 0.663600 
-0.570000 0.000000 0.653555 0.675100 
-0.560000 0.000000 0.664521 0.686400 
-0.550000 0.000000 0.675298 0.697500 
-0.540000 0.000000 0.685887 0.708400 
-0.530000 0.000000 0.696287 0.719100 
-0.520000 0.000000 0.706499 0.729600 
-0.510000 0.000000 0.716523 0.739900 
-0.500000 0.000000 0.726359 0.750000 
-0.490000 0.000000 0.736008 0.759900 
-0.480000 0.000000 0.745470 0.769600 
-0.470000 0.000000 0.754745 0.779100 
-0.460000 0.000000 0.763833 0.788400 
-0.450000 0.000000 0.772734 0.797500 
-0.440000 0.000000 0.781449 0.806400 
-0.430000 0.000000 0.789978 0.815100 
-0.420000 0.000000 0.798321 0.823600 
-0.410000 0.000000 0.806479 0.831900 
-0.400000 0.000000 0.814451 0.840000 
-0.390000 0.000000 0.822238 0.847900 
-0.380000 0.000000 0.829840 0.855600 
-0.370000 0.000000 0.837258 0.863100 
-0.360000 0.000000 0.844490 0.870400 
-0.350000 0.000000 0.851539 0.877500 
-0.340000 0.000000 0.858403 0.884400 
-0.330000 0.000000 0.865084 0.891100 
-0.320000 0.000000 0.871581 0.897600 
-0.310000 0.000000 0.877895 0.903900 
-0.300000 0.000000 0.884025 0.910000 
-0.290000 0.000000 0.889973 0.915900 
-0.280000 0.000000 0.895738 0.921600 
-0.270000 0.000000 0.901320 0.927100 
-0.260000 0.000000 0.906720 0.932400 
-0.250000 0.000000 0.911938 0.937500 
-0.240000 0.000000 0.916974 0.942400 
-0.230000 0.000000 0.921829 0.947100 
-0.220000 0.000000 0.926502 0.951600 
-0.210000 0.000000 0.930994 0.955900 
-0.200000 0.000000 0.935305 0.960000 
-0.190000 0.000000 0.939435 0.963900 
-0.180000 0.000000 0.943385 0.967600 
-0.170000 0.000000 0.947155 0.971100 
-0.160000 0.000000 0.950744 0.974400 
-0.150000 0.000000 0.954154 0.977500 
-0.140000 0.000000 0.957384 0.980400 
-0.130000 0.000000 0.960435 0.983100 
-0.120000 0.000000 0.963306 0.985600 
-0.110000 0.000000 0.965999 0.987900 
-0.100000 0.000000 0.968513 0.990000 
-0.090000 0.000000 0.970848 0.991900 
-0.080000 0.000000 0.973005 0.993600 
-0.070000 0.000000 0.974985 0.995100 
-0.060000 0.000000 0.976786 0.996400 
-0.050000 0.000000 0.978410 0.997500 
-0.040000 0.000000 0.979856 0.998400 
-0.030000 0.000000 0.981126 0.999100 
-0.020000 0.000000 0.982218 0.999600 
-0.010000 0.000000 0.983134 0.999900 
0.000000 0.000000 0.983874 1.000000 
0.010000 0.000000 0.984437 0.999900 
0.020000 0.000000 0.984825 0.999600 
0.030000 0.000000 0.985036 0.999100 
0.040000 0.000000 0.985073 0.998400 
0.050000 0.000000 0.984934 0.997500 
0.060000 0.000000 0.984620 0.996400 
0.070000 0.000000 0.984132 0.995100 
0.080000 0.000000 0.983469 0.993600 
0.090000 0.000000 0.982632 0.991900 
0.100000 0.000000 0.981621 0.990000 
0.110000 0.000000 0.980436 0.987900 
0.120000 0.000000 0.979078 0.985600 
0.130000 0.000000 0.977547 0.983100 
0.140000 0.000000 0.975843 0.980400 
0.150000 0.000000 0.973967 0.977500 
0.160000 0.000000 0.971918 0.974400 
0.170000 0.000000 0.969697 0.971100 
0.180000 0.000000 0.967304 0.967600 
0.190000 0.000000 0.964739 0.963900 
0.200000 0.000000 0.962004 0.960000 
0.210000 0.000000 0.959097 0.955900 
0.220000 0.000000 0.956020 0.951600 
0.230000 0.000000 0.952773 0.947100 
0.240000 0.000000 0.949355 0.942400 
0.250000 0.000000 0.945768 0.937500 
0.260000 0.000000 0.942011 0.932400 
0.270000 0.000000 0.938086 0.927100 
0.280000 0.000000 0.933991 0.921600 
0.290000 0.000000 0.929728 0.915900 
0.300000 0.000000 0.925297 0.910000 
0.310000 0.000000 0.920697 0.903900 
0.320000 0.000000 0.915931 0.897600 
0.330000 0.000000 0.910997 0.891100 
0.340000 0.000000 0.905897 0.884400 
0.350000 0.000000 0.900630 0.877500 
0.360000 0.000000 0.895196 0.870400 
0.370000 0.000000 0.889598 0.863100 
0.380000 0.000000 0.883833 0.855600 
0.390000 0.000000 0.877904 0.847900 
0.400000 0.000000 0.871811 0.840000 
0.410000 0.000000 0.865553 0.831900 
0.420000 0.000000 0.859131 0.823600 
0.430000 0.000000 0.852546 0.815100 
0.440000 0.000000 0.845798 0.806400 
0.450000 0.000000 0.838887 0.797500 
0.460000 0.000000 0.831814 0.788400 
0.470000 0.000000 0.824580 0.779100 
0.480000 0.000000 0.817184 0.769600 
0.490000 0.000000 0.809627 0.759900 
0.500000 0.000000 0.801910 0.750000 
0.510000 0.000000 0.794034 0.739900 
0.520000 0.000000 0.785998 0.729600 
0.530000 0.000000 0.777803 0.719100 
0.540000 0.000000 0.769449 0.708400 
0.550000 0.000000 0.760938 0.697500 
0.560000 0.000000 0.752269 0.686400 
0.570000 0.000000 0.743444 0.675100 
0.580000 0.000000 0.734462 0.663600 
0.590000 0.000000 0.725324 0.651900 
0.600000 0.000000 0.716032 0.640000 
0.610000 0.000000 0.706584 0.627900 
0.620000 0.000000 0.696983 0.615600 
0.630000 0.000000 0.687228 0.603100 
0.640000 0.000000 0.677321 0.590400 
0.650000 0.000000 0.667261 0.577500 
0.660000 0.000000 0.657050 0.564400 
0.670000 0.000000 0.646688 0.551100 
0.680000 0.000000 0.636175 0.537600 
0.690000 0.000000 0.625513 0.523900 
0.700000 0.000000 0.614703 0.510000 
0.710000 0.000000 0.603744 0.495900 
0.720000 0.000000 0.592638 0.481600 
0.730000 0.000000 0.581385 0.467100 
0.740000 0.000000 0.569986 0.452400 
0.750000 0.000000 0.558442 0.437500 
0.760000 0.000000 0.546753 0.422400 
0.770000 0.000000 0.534921 0.407100 
0.780000 0.000000 0.522947 0.391600 
0.790000 0.000000 0.510830 0.375900 
0.800000 0.000000 0.498572 0.360000 
0.810000 0.000000 0.486174 0.343900 
0.820000 0.000000 0.473637 0.327600 
0.830000 0.000000 0.460962 0.311100 
0.840000 0.000000 0.448149 0.294400 
0.850000 0.000000 0.435199 0.277500 
0.860000 0.000000 0.422114 0.260400 
0.870000 0.000000 0.408894 0.243100 
0.880000 0.000000 0.395541 0.225600 
0.890000 0.000000 0.382056 0.207900 
0.900000 0.000000 0.368439 0.190000 
0.910000 0.000000 0.354691 0.171900 
0.920000 0.000000 0.340815 0.153600 
0.930000 0.000000 0.326810 0.135100 
0.940000 0.000000 0.312678 0.116400 
0.950000 0.000000 0.298420 0.097500 
0.960000 0.000000 0.284038 0.078400 
0.970000 0.000000 0.269532 0.059100 
0.980000 0.000000 0.254904 0.039600 
0.990000 0.000000 0.240155 0.019900 
1.000000 0.000000 0.225287 -0.000000 
1.010000 0.000000 0.210300 -0.020100 
1.020000 0.000000 0.195197 -0.040400 
1.030000 0.000000 0.179977 -0.060900 
1.040000 0.000000 0.164644 -0.081600 
1.050000 0.000000 0.149198 -0.102500 
1.060000 0.000000 0.133640 -0.123600 
1.070000 0.000000 0.117973 -0.144900 
1.080000 0.000000 0.102197 -0.166400 
1.090000 0.000000 0.086315 -0.188100 
1.100000 0.000000 0.070328 -0.210000 
1.110000 0.000000 0.054237 -0.232100 
1.120000 0.000000 0.038044 -0.254400 
1.130000 0.000000 0.021751 -0.276900 
1.140000 0.000000 0.005360 -0.299600 
1.150000 0.000000 -0.011128 -0.322500 
1.160000 0.000000 -0.027712 -0.345600 
1.170000 0.000000 -0.044388 -0.368900 
1.180000 0.000000 -0.061155 -0.392400 
1.190000 0.000000 -0.078012 -0.416100 
1.200000 0.000000 -0.094957 -0.440000 
1.210000 0.000000 -0.111987 -0.464100 
1.220000 0.000000 -0.129100 -0.488400 
1.230000 0.000000 -0.146295 -0.512900 
1.240000 0.000000 -0.163570 -0.537600 
1.250000 0.000000 -0.180922 -0.562500 
1.260000 0.000000 -0.198349 -0.587600 
1.270000 0.000000 -0.215849 -0.612900 
1.280000 0.000000 -0.233419 -0.638400 
1.290000 0.000000 -0.251058 -0.664100 
1.300000 0.000000 -0.268763 -0.690000 
1.310000 0.000000 -0.286532 -0.716100 
1.320000 0.000000 -0.304363 -0.742400 
1.330000 0.000000 -0.322252 -0.768900 
1.340000 0.000000 -0.340198 -0.795600 
1.350000 0.000000 -0.358197 -0.822500 
1.360000 0.000000 -0.376248 -0.849600 
1.370000 0.000000 -0.394348 -0.876900 
1.380000 0.000000 -0.412493 -0.904400 
1.390000 0.000000 -0.430682 -0.932100 
1.400000 0.000000 -0.448912 -0.960000 
1.410000 0.000000 -0.467179 -0.988100 
1.420000 0.000000 -0.485481 -1.016400 
1.430000 0.000000 -0.503814 -1.044900 
1.440000 0.000000 -0.522177 -1.073600 
1.450000 0.000000 -0.540565 -1.102500 
1.460000 0.000000 -0.558977 -1.131600 
1.470000 0.000000 -0.577408 -1.160900 
1.480000 0.000000 -0.595855 -1.190400 
1.490000 0.000000 -0.614316 -1.220100 
1.500000 0.000000 -0.632787 -1.250000 
1.510000 0.000000 -0.651264 -1.280100 
1.520000 0.000000 -0.669744 -1.310400 
1.530000 0.000000 -0.688224 -1.340900 
1.540000 0.000000 -0.706701 -1.371600 
1.550000 0.000000 -0.725170 -1.402500 
1.560000 0.000000 -0.743628 -1.433600 
1.570000 0.000000 -0.762071 -1.464900 
1.580000 0.000000 -0.780496 -1.496400 
1.590000 0.000000 -0.798898 -1.528100 
1.600000 0.000000 -0.817275 -1.560000 
1.610000 0.000000 -0.835621 -1.592100 
1.620000 0.000000 -0.853933 -1.624400 
1.630000 0.000000 -0.872207 -1.656900 
1.640000 0.000000 -0.890438 -1.689600 
1.650000 0.000000 -0.908623 -1.722500 
1.660000 0.000000 -0.926758 -1.755600 
1.670000 0.000000 -0.944837 -1.788900 
1.680000 0.000000 -0.962856 -1.822400 
1.690000 0.000000 -0.980812 -1.856100 
1.700000 0.000000 -0.998699 -1.890000 
1.710000 0.000000 -1.016513 -1.924100 
1.720000 0.000000 -1.034249 -1.958400 
1.730000 0.000000 -1.051903 -1.992900 
1.740000 0.000000 -1.069469 -2.027600 
1.750000 0.000000 -1.086943 -2.062500 
1.760000 0.000000 -1.104319 -2.097600 
1.770000 0.000000 -1.121594 -2.132900 
1.780000 0.000000 -1.138761 -2.168400 
1.790000 0.000000 -1.155815 -2.204100 
1.800000 0.000000 -1.172752 -2.240000 
1.810000 0.000000 -1.189566 -2.276100 
1.820000 0.000000 -1.206250 -2.312400 
1.830000 0.000000 -1.222801 -2.348900 
1.840000 0.000000 -1.239213 -2.385600 
1.850000 0.000000 -1.255479 -2.422500 
1.860000 0.000000 -1.271594 -2.459600 
1.870000 0.000000 -1.287552 -2.496900 
1.880000 0.000000 -1.303347 -2.534400 
1.890000 0.000000 -1.318974 -2.572100 
1.900000 0.000000 -1.334426 -2.610000 
1.910000 0.000000 -1.349698 -2.648100 
1.920000 0.000000 -1.364782 -2.686400 
1.930000 0.000000 -1.379673 -2.724900 
1.940000 0.000000 -1.394364 -2.763600 
1.950000 0.000000 -1.408849 -2.802500 
1.960000 0.000000 -1.423121 -2.841600 
1.970000 0.000000 -1.437174 -2.880900 
1.980000 0.000000 -1.451000 -2.920400 
1.990000 0.000000 -1.464594 -2.960100 
2.000000 0.000000 -1.477948 -3.000000 
2.010000 0.000000 -1.491055 -3.040100 
2.020000 0.000000 -1.503908 -3.080400 
2.030000 0.000000 -1.516500 -3.120900 
2.040000 0.000000 -1.528824 -3.161600 
2.050000 0.000000 -1.540872 -3.202500 
2.060000 0.000000 -1.552637 -3.243600 
2.070000 0.000000 -1.564111 -3.284900 
2.080000 0.000000 -1.575287 -3.326400 
2.090000 0.000000 -1.586156 -3.368100 
2.100000 0.000000 -1.596712 -3.410000 
2.110000 0.000000 -1.606947 -3.452100 
2.120000 0.000000 -1.616851 -3.494400 
2.130000 0.000000 -1.626418 -3.536900 
2.140000 0.000000 -1.635639 -3.579600 
2.150000 0.000000 -1.644505 -3.622500 
2.160000 0.000000 -1.653009 -3.665600 
2.170000 0.000000 -1.661141 -3.708900 
2.180000 0.000000 -1.668894 -3.752400 
2.190000 0.000000 -1.676258 -3.796100 
2.200000 0.000000 -1.683225 -3.840000 
2.210000 0.000000 -1.689786 -3.884100 
2.220000 0.000000 -1.695932 -3.928400 
2.230000 0.000000 -1.701654 -3.972900 
2.240000 0.000000 -1.706943 -4.017600 
2.250000 0.000000 -1.711789 -4.062500 
2.260000 0.000000 -1.716184 -4.107600 
2.270000 0.000000 -1.720117 -4.152900 
2.280000 0.000000 -1.723579 -4.198400 
2.290000 0.000000 -1.726560 -4.244100 
2.300000 0.000000 -1.729052 -4.290000 
2.310000 0.000000 -1.731043 -4.336100 
2.320000 0.000000 -1.732524 -4.382400 
2.330000 0.000000 -1.733485 -4.428900 
2.340000 0.000000 -1.733915 -4.475600 
2.350000 0.000000 -1.733805 -4.522500 
2.360000 0.000000 -1.733144 -4.569600 
2.370000 0.000000 -1.731922 -4.616900 
2.380000 0.000000 -1.730128 -4.664400 
2.390000 0.000000 -1.727751 -4.712100 
2.400000 0.000000 -1.724781 -4.760000 
2.410000 0.000000 -1.721207 -4.808100 
2.420000 0.000000 -1.717017 -4.856400 
2.430000 0.000000 -1.712202 -4.904900 
2.440000 0.000000 -1.706749 -4.953600 
2.450000 0.000000 -1.700647 -5.002500 
2.460000 0.000000 -1.693886 -5.051600 
2.470000 0.000000 -1.686453 -5.100900 
2.480000 0.000000 -1.678337 -5.150400 
2.490000 0.000000 -1.669527 -5.200100 
2.500000 0.000000 -1.660011 -5.250000 
2.510000 0.000000 -1.649776 -5.300100 
2.520000 0.000000 -1.638812 -5.350400 
2.530000 0.000000 -1.627105 -5.400900 
2.540000 0.000000 -1.614645 -5.451600 
2.550000 0.000000 -1.601418 -5.502500 
2.560000 0.000000 -1.587413 -5.553600 
2.570000 0.000000 -1.572616 -5.604900 
2.580000 0.000000 -1.557017 -5.656400 
2.590000 0.000000 -1.540601 -5.708100 
2.600000 0.000000 -1.523357 -5.760000 
2.610000 0.000000 -1.505272 -5.812100 
2.620000 0.000000 -1.486333 -5.864400 
2.630000 0.000000 -1.466526 -5.916900 
2.640000 0.000000 -1.445840 -5.969600 
2.650000 0.000000 -1.424260 -6.022500 
2.660000 0.000000 -1.401775 -6.075600 
2.670000 0.000000 -1.378370 -6.128900 
2.680000 0.000000 -1.354033 -6.182400 
2.690000 0.000000 -1.328749 -6.236100 
2.700000 0.000000 -1.302507 -6.290000 
2.710000 0.000000 -1.275291 -6.344100 
2.720000 0.000000 -1.247089 -6.398400 
2.730000 0.000000 -1.217887 -6.452900 
2.740000 0.000000 -1.187670 -6.507600 
2.750000 0.000000 -1.156427 -6.562500 
2.760000 0.000000 -1.124142 -6.617600 
2.770000 0.000000 -1.090801 -6.672900 
2.780000 0.000000 -1.056391 -6.728400 
2.790000 0.000000 -1.020898 -6.784100 
2.800000 0.000000 -0.984308 -6.840000 
2.810000 0.000000 -0.946606 -6.896100 
2.820000 0.000000 -0.907778 -6.952400 
2.830000 0.000000 -0.867810 -7.008900 
2.840000 0.000000 -0.826689 -7.065600 
2.850000 0.000000 -0.784398 -7.122500 
2.860000 0.000000 -0.740925 -7.179600 
2.870000 0.000000 -0.696255 -7.236900 
2.880000 0.000000 -0.650374 -7.294400 
2.890000 0.000000 -0.603266 -7.352100 
2.900000 0.000000 -0.554917 -7.410000 
2.910000 0.000000 -0.505314 -7.468100 
2.920000 0.000000 -0.454441 -7.526400 
2.930000 0.000000 -0.402284 -7.584900 
2.940000 0.000000 -0.348828 -7.643600 
2.950000 0.000000 -0.294059 -7.702500 
2.960000 0.000000 -0.237961 -7.761600 
2.970000 0.000000 -0.180522 -7.820900 
2.980000 0.000000 -0.121725 -7.880400 
2.990000 0.000000 -0.061556 -7.940100 
3.000000 0.000000 0.000000 -8.000000 
